import numpy as np
import matplotlib.pyplot as plt

r = np.array([0, 200, 400, 600, 800, 1000, 1200, 1221.5, 1221.5, 1400, 1600, 1800, 
     2000, 2200, 2400, 2600, 2800, 3000, 3200, 3400, 3480, 3480, 3600,
     3800, 4000, 4200, 4400, 4600, 4800, 5000, 5200, 5400, 5600, 5800,
     6000, 6200, 6371])
d = np.array([13090, 13080, 13050, 13010, 12950, 12870, 12770, 12760, 12170, 12070, 11950, 11810, 
     11650, 11480, 11290, 11080, 10850, 10600, 10330, 10030, 9900, 5570, 5510, 5410, 5310, 
     5210, 5110, 5000, 4900, 4790, 4680, 4560, 4440, 3940, 3530, 3360, 0])

bulk = np.zeros(37) + 5500

plt.plot(r, d)
plt.plot(r, bulk, '--')

plt.ylabel('density kg/m^3')
plt.xlabel('radius km')
